hand
donut
hand
flower
dumbbell
hand
eyeglasses
donut
airplane
airplane
dumbbell
cup
hand
airplane
eye
butterfly
butterfly
hand
eye
donut
eye
dumbbell
eyeglasses
eyeglasses
hand
donut
eyeglasses
hand
hand
dumbbell
dumbbell
fish
airplane
donut
eye
hand
airplane
eyeglasses
airplane
donut
fish
eyeglasses
hand
hand
airplane
butterfly
fish
fish
eye
dumbbell
donut
eyeglasses
fish
dumbbell
airplane
eyeglasses
hand
airplane
eyeglasses
dumbbell
eyeglasses
butterfly
eyeglasses
eyeglasses
