dumbbell
donut
eyeglasses
eye
hand
dumbbell
hand
eyeglasses
hand
airplane
eye
butterfly
eyeglasses
eyeglasses
eye
dumbbell
airplane
hand
eyeglasses
hand
eye
hand
flower
donut
donut
hand
flower
eyeglasses
airplane
cup
dumbbell
eye
hand
flower
dumbbell
eyeglasses
fish
dumbbell
donut
airplane
flower
cup
donut
airplane
donut
eyeglasses
butterfly
airplane
eyeglasses
fish
flower
eye
butterfly
airplane
dumbbell
dumbbell
eye
cup
fish
fish
fish
airplane
fish
dumbbell
