donut
hand
eyeglasses
flower
eyeglasses
fish
fish
hand
cup
hand
hand
hand
cup
hand
flower
dumbbell
butterfly
cup
hand
fish
eye
hand
hand
cup
butterfly
donut
airplane
donut
fish
airplane
dumbbell
eyeglasses
eyeglasses
butterfly
hand
cup
flower
airplane
donut
butterfly
donut
airplane
hand
flower
butterfly
hand
eyeglasses
eyeglasses
eye
fish
eyeglasses
eyeglasses
butterfly
cup
donut
airplane
eyeglasses
eyeglasses
eyeglasses
dumbbell
airplane
hand
hand
eyeglasses
