cup
hand
dumbbell
flower
donut
flower
eye
flower
eyeglasses
flower
fish
flower
hand
eyeglasses
eye
dumbbell
airplane
airplane
airplane
donut
hand
hand
flower
flower
flower
eyeglasses
flower
hand
airplane
dumbbell
fish
dumbbell
airplane
cup
butterfly
eyeglasses
fish
cup
dumbbell
donut
eyeglasses
hand
hand
butterfly
cup
donut
dumbbell
butterfly
butterfly
eyeglasses
donut
eye
hand
fish
fish
butterfly
fish
eye
eye
eyeglasses
flower
eye
flower
hand
